{
  "advancedEditorSelectedIdentifier" : "BehaviorsPluginID",
  "openSceneRelativePaths" : [
    "Scene.usda",
    "RocketScene.usda",
    "LightbulbScene.usda",
    "TrainScene.usda",
    "PaperPlaneScene.usda"
  ],
  "recentIdentifiers" : {
    "72947A4D-32DF-4A6D-8FAC-13506B394F5B" : [

    ],
    "8D6B3EA7-6D4D-4813-B7DA-F427A86ABCAE" : [

    ],
    "90C576A0-F90A-43B8-9998-14918A66F863" : [

    ],
    "AF4D38B4-D58D-45E5-A6AC-BB3989AECF93" : [

    ]
  },
  "sceneCameraHistory" : {
    "3F9F42EF-C3B7-4534-A9CB-0456387AEE84" : [
      {
        "date" : 784231648.094523,
        "title" : "Untitled",
        "transform" : [
          0.9999319,
          -2.7053497e-09,
          0.011669248,
          0,
          0.01063231,
          0.41209888,
          -0.9110771,
          0,
          -0.0048088823,
          0.9111391,
          0.41207084,
          0,
          8.859009,
          13.3596325,
          5.2449107,
          1
        ]
      },
      {
        "date" : 784229979.972186,
        "title" : "Untitled",
        "transform" : [
          0.9999319,
          -2.7053497e-09,
          0.011669248,
          0,
          0.01063231,
          0.41209888,
          -0.9110771,
          0,
          -0.0048088823,
          0.9111391,
          0.41207084,
          0,
          7.8430715,
          2.6149938,
          0.42747208,
          1
        ]
      },
      {
        "date" : 784187945.224967,
        "title" : "Untitled",
        "transform" : [
          0.9999319,
          -2.7053497e-09,
          0.011669248,
          0,
          0.01063231,
          0.41209888,
          -0.9110771,
          0,
          -0.0048088823,
          0.9111391,
          0.41207084,
          0,
          5.8176947,
          5.8314004,
          -2.253958,
          1
        ]
      },
      {
        "date" : 784187931.109091,
        "title" : "Untitled",
        "transform" : [
          0.99993193,
          -1.894811e-09,
          0.011669249,
          0,
          0.010632338,
          0.4120988,
          -0.91107714,
          0,
          -0.0048088683,
          0.91113913,
          0.41207084,
          0,
          10.477861,
          2.7773883,
          -4.102159,
          1
        ]
      },
      {
        "date" : 784187925.838198,
        "title" : "Untitled",
        "transform" : [
          0.99993193,
          -1.894811e-09,
          0.011669249,
          0,
          0.010632338,
          0.4120988,
          -0.91107714,
          0,
          -0.0048088683,
          0.91113913,
          0.41207084,
          0,
          10.590257,
          2.0590074,
          -4.5250573,
          1
        ]
      },
      {
        "date" : 784187547.961449,
        "title" : "Untitled",
        "transform" : [
          0.99993193,
          -1.894811e-09,
          0.011669249,
          0,
          0.010632338,
          0.4120988,
          -0.91107714,
          0,
          -0.0048088683,
          0.91113913,
          0.41207084,
          0,
          10.644944,
          1.7094634,
          -4.730828,
          1
        ]
      },
      {
        "date" : 784101494.583961,
        "title" : "Untitled",
        "transform" : [
          0.99993193,
          -1.894811e-09,
          0.011669249,
          0,
          0.010632338,
          0.4120988,
          -0.91107714,
          0,
          -0.0048088683,
          0.91113913,
          0.41207084,
          0,
          2.1073875,
          7.849287,
          4.686135,
          1
        ]
      },
      {
        "date" : 784101492.150323,
        "title" : "Untitled",
        "transform" : [
          0.99993193,
          -1.894811e-09,
          0.011669249,
          0,
          0.010632338,
          0.4120988,
          -0.91107714,
          0,
          -0.0048088683,
          0.91113913,
          0.41207084,
          0,
          0.4220543,
          8.030559,
          4.265654,
          1
        ]
      },
      {
        "date" : 784092684.53007,
        "title" : "Untitled",
        "transform" : [
          0.99993193,
          -1.894811e-09,
          0.011669249,
          0,
          0.010632338,
          0.4120988,
          -0.91107714,
          0,
          -0.0048088683,
          0.91113913,
          0.41207084,
          0,
          0.41373634,
          7.7081666,
          4.9784055,
          1
        ]
      },
      {
        "date" : 784092680.122105,
        "title" : "Untitled",
        "transform" : [
          0.99993193,
          -1.894811e-09,
          0.011669249,
          0,
          0.010632338,
          0.4120988,
          -0.91107714,
          0,
          -0.0048088683,
          0.91113913,
          0.41207084,
          0,
          0.44284075,
          2.1936975,
          2.4844384,
          1
        ]
      }
    ],
    "72947A4D-32DF-4A6D-8FAC-13506B394F5B" : [
      {
        "date" : 784230084.45154,
        "title" : "Untitled",
        "transform" : [
          0.9715619,
          9.2556807e-10,
          0.23678555,
          0,
          0.117627606,
          0.8678831,
          -0.4826414,
          0,
          -0.20550217,
          0.49676853,
          0.84320223,
          0,
          -1.4966395,
          4.0364103,
          6.504919,
          1
        ]
      },
      {
        "date" : 784230065.891812,
        "title" : "Untitled",
        "transform" : [
          0.9715619,
          9.2556807e-10,
          0.23678555,
          0,
          0.117627606,
          0.8678831,
          -0.4826414,
          0,
          -0.20550217,
          0.49676853,
          0.84320223,
          0,
          -3.5532799,
          4.78617,
          5.561965,
          1
        ]
      },
      {
        "date" : 784092737.338603,
        "title" : "Untitled",
        "transform" : [
          0.9715619,
          9.2556807e-10,
          0.23678555,
          0,
          0.117627606,
          0.8678831,
          -0.4826414,
          0,
          -0.20550217,
          0.49676853,
          0.84320223,
          0,
          -5.4176536,
          4.0950694,
          5.514744,
          1
        ]
      },
      {
        "date" : 784092732.146731,
        "title" : "Untitled",
        "transform" : [
          0.9715619,
          -2.7224658e-09,
          0.23678556,
          0,
          0.11762762,
          0.8678831,
          -0.4826414,
          0,
          -0.20550218,
          0.49676853,
          0.84320223,
          0,
          -51.671356,
          5.8152385,
          7.4855647,
          1
        ]
      },
      {
        "date" : 784050556.474622,
        "title" : "Untitled",
        "transform" : [
          0.9715619,
          -2.7224658e-09,
          0.23678556,
          0,
          0.11762762,
          0.8678831,
          -0.4826414,
          0,
          -0.20550218,
          0.49676853,
          0.84320223,
          0,
          -50.493103,
          2.967132,
          2.6512578,
          1
        ]
      },
      {
        "date" : 784050554.099431,
        "title" : "Untitled",
        "transform" : [
          0.9715619,
          -2.7224658e-09,
          0.23678556,
          0,
          0.11762762,
          0.8678831,
          -0.4826414,
          0,
          -0.20550218,
          0.49676853,
          0.84320223,
          0,
          -50.509617,
          3.1320302,
          2.550085,
          1
        ]
      },
      {
        "date" : 784050551.675317,
        "title" : "Untitled",
        "transform" : [
          0.9715619,
          -2.7224658e-09,
          0.23678556,
          0,
          0.11762762,
          0.8678831,
          -0.4826414,
          0,
          -0.20550218,
          0.49676853,
          0.84320223,
          0,
          -50.622993,
          3.2474926,
          2.4544294,
          1
        ]
      },
      {
        "date" : 784050549.429178,
        "title" : "Untitled",
        "transform" : [
          0.9715619,
          -2.7224658e-09,
          0.23678556,
          0,
          0.11762762,
          0.8678831,
          -0.4826414,
          0,
          -0.20550218,
          0.49676853,
          0.84320223,
          0,
          -50.598988,
          3.1737218,
          2.5037417,
          1
        ]
      },
      {
        "date" : 784050546.46089,
        "title" : "Untitled",
        "transform" : [
          0.9715619,
          -2.7224658e-09,
          0.23678556,
          0,
          0.11762762,
          0.8678831,
          -0.4826414,
          0,
          -0.20550218,
          0.49676853,
          0.84320223,
          0,
          -50.446686,
          3.1867402,
          2.5332055,
          1
        ]
      },
      {
        "date" : 784050545.208671,
        "title" : "Untitled",
        "transform" : [
          0.9715619,
          -2.7224658e-09,
          0.23678556,
          0,
          0.11762762,
          0.8678831,
          -0.4826414,
          0,
          -0.20550218,
          0.49676853,
          0.84320223,
          0,
          -50.446686,
          3.1867402,
          2.5332055,
          1
        ]
      }
    ],
    "8D6B3EA7-6D4D-4813-B7DA-F427A86ABCAE" : [
      {
        "date" : 784234059.157713,
        "title" : "Untitled",
        "transform" : [
          0.9467175,
          8.31085e-09,
          -0.32206506,
          0,
          -0.07736676,
          0.9707182,
          -0.22742131,
          0,
          0.3126344,
          0.24022087,
          0.918996,
          0,
          -2.759261,
          2.2421525,
          1.8164434,
          1
        ]
      },
      {
        "date" : 784234033.989975,
        "title" : "Untitled",
        "transform" : [
          0.9467175,
          8.31085e-09,
          -0.32206506,
          0,
          -0.07736676,
          0.9707182,
          -0.22742131,
          0,
          0.3126344,
          0.24022087,
          0.918996,
          0,
          -2.8849382,
          2.202089,
          1.6796994,
          1
        ]
      },
      {
        "date" : 784231651.152634,
        "title" : "Untitled",
        "transform" : [
          0.9467175,
          8.31085e-09,
          -0.32206506,
          0,
          -0.07736676,
          0.9707182,
          -0.22742131,
          0,
          0.3126344,
          0.24022087,
          0.918996,
          0,
          -1.534164,
          2.8031745,
          2.7818544,
          1
        ]
      },
      {
        "date" : 784230006.310198,
        "title" : "Untitled",
        "transform" : [
          0.9467175,
          8.31085e-09,
          -0.32206506,
          0,
          -0.07736676,
          0.9707182,
          -0.22742131,
          0,
          0.3126344,
          0.24022087,
          0.918996,
          0,
          -0.56804144,
          2.9979076,
          3.2163088,
          1
        ]
      },
      {
        "date" : 784229998.693586,
        "title" : "Untitled",
        "transform" : [
          0.9467175,
          8.31085e-09,
          -0.32206506,
          0,
          -0.07736676,
          0.9707182,
          -0.22742131,
          0,
          0.3126344,
          0.24022087,
          0.918996,
          0,
          -0.7773894,
          4.124845,
          4.833696,
          1
        ]
      },
      {
        "date" : 784101487.125495,
        "title" : "Untitled",
        "transform" : [
          0.9467175,
          8.31085e-09,
          -0.32206506,
          0,
          -0.07736676,
          0.9707182,
          -0.22742131,
          0,
          0.3126344,
          0.24022087,
          0.918996,
          0,
          -0.3061795,
          2.2877283,
          -0.46770024,
          1
        ]
      },
      {
        "date" : 784101482.921545,
        "title" : "Untitled",
        "transform" : [
          0.9467175,
          4.1582746e-09,
          -0.32206506,
          0,
          -0.07736677,
          0.97071826,
          -0.22742134,
          0,
          0.31263444,
          0.24022092,
          0.91899604,
          0,
          20.7597,
          22.264244,
          -5.6271358,
          1
        ]
      },
      {
        "date" : 784092714.506884,
        "title" : "Untitled",
        "transform" : [
          0.9467175,
          4.1582746e-09,
          -0.32206506,
          0,
          -0.07736677,
          0.97071826,
          -0.22742134,
          0,
          0.31263444,
          0.24022092,
          0.91899604,
          0,
          5.9301643,
          6.3599477,
          -1.6074333,
          1
        ]
      },
      {
        "date" : 784092708.938838,
        "title" : "Untitled",
        "transform" : [
          0.98165655,
          4.1582746e-09,
          -0.19065768,
          0,
          -0.045799967,
          0.97071826,
          -0.23581444,
          0,
          0.1850749,
          0.24022092,
          0.952912,
          0,
          -0.4413948,
          2.065929,
          -19.711256,
          1
        ]
      },
      {
        "date" : 784092701.83982,
        "title" : "Untitled",
        "transform" : [
          0.98165655,
          2.74169e-09,
          -0.19065768,
          0,
          -0.045799967,
          0.97071826,
          -0.23581445,
          0,
          0.1850749,
          0.24022093,
          0.952912,
          0,
          30.058607,
          2.0659273,
          -19.711258,
          1
        ]
      }
    ],
    "90C576A0-F90A-43B8-9998-14918A66F863" : [
      {
        "date" : 784092117.93499,
        "title" : "Untitled",
        "transform" : [
          0.99920064,
          -4.217149e-11,
          0.03997585,
          0,
          0.028850375,
          0.6922112,
          -0.72111815,
          0,
          -0.027671732,
          0.721695,
          0.6916579,
          0,
          0.06467059,
          1.3327001,
          0.75311685,
          1
        ]
      },
      {
        "date" : 784014999.237461,
        "title" : "Untitled",
        "transform" : [
          0.99920064,
          -4.217149e-11,
          0.03997585,
          0,
          0.028850375,
          0.6922112,
          -0.72111815,
          0,
          -0.027671732,
          0.721695,
          0.6916579,
          0,
          0.16705707,
          0.8797961,
          1.2297857,
          1
        ]
      },
      {
        "date" : 784014982.404162,
        "title" : "Untitled",
        "transform" : [
          0.99920064,
          -4.217149e-11,
          0.03997585,
          0,
          0.028850375,
          0.6922112,
          -0.72111815,
          0,
          -0.027671732,
          0.721695,
          0.6916579,
          0,
          -0.039976895,
          0.8871616,
          1.2138174,
          1
        ]
      },
      {
        "date" : 784014979.392667,
        "title" : "Untitled",
        "transform" : [
          0.99997264,
          0,
          0.007400445,
          0,
          0.005232905,
          0.7071069,
          -0.7070874,
          0,
          -0.005232906,
          0.70710677,
          0.7070875,
          0,
          -0.00071653724,
          0.86192024,
          1.2221329,
          1
        ]
      },
      {
        "date" : 784014924.502017,
        "title" : "Untitled",
        "transform" : [
          0.99997264,
          0,
          0.007400445,
          0,
          0.005232905,
          0.7071069,
          -0.7070874,
          0,
          -0.005232906,
          0.70710677,
          0.7070875,
          0,
          -0.28063115,
          0.9159802,
          1.1659999,
          1
        ]
      },
      {
        "date" : 784014916.787384,
        "title" : "Untitled",
        "transform" : [
          0.99997264,
          0,
          0.007400445,
          0,
          0.005232905,
          0.7071069,
          -0.7070874,
          0,
          -0.005232906,
          0.70710677,
          0.7070875,
          0,
          -0.5142519,
          1.5121719,
          1.602124,
          1
        ]
      },
      {
        "date" : 784013160.481926,
        "title" : "Untitled",
        "transform" : [
          1,
          0,
          0,
          0,
          0,
          0.7071069,
          -0.70710677,
          0,
          0,
          0.70710677,
          0.7071069,
          0,
          -0.037336655,
          0.373725,
          0.38689312,
          1
        ]
      },
      {
        "date" : 784013152.639086,
        "title" : "Untitled",
        "transform" : [
          1,
          0,
          0,
          0,
          0,
          0.7071069,
          -0.70710677,
          0,
          0,
          0.70710677,
          0.7071069,
          0,
          -0.0069838017,
          0.373725,
          0.38689312,
          1
        ]
      },
      {
        "date" : 784013146.875129,
        "title" : "Untitled",
        "transform" : [
          1,
          0,
          0,
          0,
          0,
          0.7071069,
          -0.70710677,
          0,
          0,
          0.70710677,
          0.7071069,
          0,
          -0.1609309,
          0.837703,
          1.2655717,
          1
        ]
      }
    ],
    "AF4D38B4-D58D-45E5-A6AC-BB3989AECF93" : [
      {
        "date" : 784231872.225919,
        "title" : "Untitled",
        "transform" : [
          0.99896985,
          0,
          -0.045379307,
          0,
          0,
          1,
          0,
          0,
          0.045379307,
          0,
          0.99896985,
          0,
          11.936494,
          4.041629,
          4.8779964,
          1
        ]
      },
      {
        "date" : 784231802.111439,
        "title" : "Untitled",
        "transform" : [
          0.99896985,
          0,
          -0.045379307,
          0,
          0,
          1,
          0,
          0,
          0.045379307,
          0,
          0.99896985,
          0,
          6.067838,
          2.799221,
          3.1361077,
          1
        ]
      },
      {
        "date" : 784231792.786715,
        "title" : "Untitled",
        "transform" : [
          0.99896985,
          0,
          -0.045379307,
          0,
          0,
          1,
          0,
          0,
          0.045379307,
          0,
          0.99896985,
          0,
          4.090107,
          2.3300304,
          1.8353432,
          1
        ]
      },
      {
        "date" : 784230795.175576,
        "title" : "Untitled",
        "transform" : [
          0.99896985,
          0,
          -0.045379307,
          0,
          0,
          1,
          0,
          0,
          0.045379307,
          0,
          0.99896985,
          0,
          5.434317,
          1.7866085,
          5.153009,
          1
        ]
      },
      {
        "date" : 784230793.375989,
        "title" : "Untitled",
        "transform" : [
          0.99896985,
          0,
          -0.045379307,
          0,
          0,
          1,
          0,
          0,
          0.045379307,
          0,
          0.99896985,
          0,
          4.1471205,
          2.02743,
          5.211481,
          1
        ]
      },
      {
        "date" : 784230789.783466,
        "title" : "Untitled",
        "transform" : [
          0.99896985,
          0,
          -0.045379307,
          0,
          0,
          1,
          0,
          0,
          0.045379307,
          0,
          0.99896985,
          0,
          0.85278183,
          2.2123072,
          4.177514,
          1
        ]
      },
      {
        "date" : 784230422.584919,
        "title" : "Untitled",
        "transform" : [
          0.99896985,
          0,
          -0.045379307,
          0,
          0,
          1,
          0,
          0,
          0.045379307,
          0,
          0.99896985,
          0,
          -1.4071181,
          2.2663949,
          4.2801723,
          1
        ]
      },
      {
        "date" : 784230420.803382,
        "title" : "Untitled",
        "transform" : [
          0.99896985,
          0,
          -0.045379307,
          0,
          0,
          1,
          0,
          0,
          0.045379307,
          0,
          0.99896985,
          0,
          -1.4075878,
          2.2663949,
          4.269838,
          1
        ]
      },
      {
        "date" : 784230414.36596,
        "title" : "Untitled",
        "transform" : [
          0.99896985,
          0,
          -0.045379307,
          0,
          0,
          1,
          0,
          0,
          0.045379307,
          0,
          0.99896985,
          0,
          3.9806814,
          2.7458084,
          10.153637,
          1
        ]
      },
      {
        "date" : 784187506.212892,
        "title" : "Untitled",
        "transform" : [
          0.99896985,
          0,
          -0.045379307,
          0,
          0,
          1,
          0,
          0,
          0.045379307,
          0,
          0.99896985,
          0,
          0.14422405,
          1.4761887,
          4.1830993,
          1
        ]
      }
    ]
  },
  "sceneViewportBackgroundColors" : {

  },
  "selectedSceneRelativePath" : "LightbulbScene.usda"
}